3 0.199609375 0.602777778125 0.15078125 0.621527778125 0.1953125 0.6256944437499999 0.217578125 0.622222221875 0.22890625 0.61319444375 0.219921875 0.6041666671875 0.199609375 0.602777778125
3 0.337890625 0.73055555625 0.285546875 0.7416666671875001 0.266015625 0.75555555625 0.24765625 0.7881944437499999 0.2640625 0.7895833328124999 0.329296875 0.775 0.365234375 0.7611111109375 0.37109375 0.7326388890625 0.337890625 0.73055555625
1 0.671484375 0.6375 0.64765625 0.621527778125 0.6515625 0.5951388890625 0.647265625 0.58055555625 0.634765625 0.5763888890625 0.603515625 0.58194444375 0.5921875 0.6006944437499999 0.59140625 0.621527778125 0.5859375 0.6354166671875 0.590625 0.6576388890625 0.584375 0.6770833328125 0.571484375 0.6833333328125 0.5625 0.696527778125 0.56171875 0.7145833328125 0.5671875 0.71875 0.673046875 0.690277778125 0.67578125 0.684027778125 0.67734375 0.6479166671875001 0.671484375 0.6375
1 0.9328125 0.753472221875 0.944921875 0.76944444375 0.987109375 0.809722221875 1 0.815972221875 0.999609375 0.752777778125 0.953515625 0.7361111109375 0.93125 0.7395833328125 0.9328125 0.753472221875
3 0.86875 0.5548611109375 0.878125 0.5520833328125 0.866796875 0.5458333328125 0.859375 0.5520833328125 0.86875 0.5548611109375
3 0.81171875 0.5243055562500001 0.81640625 0.5298611109375 0.819921875 0.51944444375 0.83515625 0.5173611109375 0.812890625 0.515277778125 0.81171875 0.5243055562500001
3 0.830078125 0.5722222218749999 0.819921875 0.577777778125 0.815625 0.5729166671875 0.816796875 0.5791666671875 0.840625 0.5826388890625 0.846875 0.578472221875 0.833984375 0.5736111109375 0.831640625 0.5666666671875 0.830078125 0.5722222218749999
3 0.875390625 0.5916666671875 0.865234375 0.5875 0.863671875 0.58194444375 0.8609375 0.5923611109375 0.8828125 0.5951388890625 0.884375 0.5798611109375 0.879296875 0.575 0.87578125 0.5798611109375 0.875390625 0.5916666671875
3 0.871484375 0.525 0.86796875 0.5173611109375 0.8796875 0.5020833328125 0.873046875 0.5 0.866015625 0.5069444437499999 0.837890625 0.5125 0.83515625 0.5201388890625 0.8359375 0.53680555625 0.84375 0.5423611109375 0.851171875 0.5291666671875 0.855859375 0.5319444437499999 0.858203125 0.5263888890625 0.871484375 0.525
3 0.915234375 0.5013888890625 0.909375 0.5145833328125 0.922265625 0.5236111109375 0.95234375 0.52569444375 0.965234375 0.522222221875 0.97578125 0.509027778125 0.966796875 0.5013888890625 0.915234375 0.5013888890625
3 0.865625 0.6006944437499999 0.868359375 0.622222221875 0.876953125 0.6319444437499999 0.8875 0.63125 0.91796875 0.6145833328125 0.912109375 0.60694444375 0.898828125 0.602777778125 0.865625 0.6006944437499999